,Unnamed: 0,Unnamed: 1,Unnamed: 2,Unnamed: 3,Unnamed: 4,Unnamed: 5,Unnamed: 6,Unnamed: 7,Unnamed: 8,Unnamed: 9,Unnamed: 10,Unnamed: 11,Unnamed: 12,Unnamed: 13,Unnamed: 14,Unnamed: 15,Unnamed: 16,Unnamed: 17,Unnamed: 18,Unnamed: 19
0,,,,,ΥΠΟΛΟΓΙΖΟΜΕΝΟΣ ΠΛΗΘΥΣΜΟΣ ΚΑTA ΦΥΛΟ ΚΑΙ πενταετή ΟΜΑΔΑ ΗΛΙΚΙΩΝ,,,,,,,,,,,,,,,
1,,,,,ΣΤΟ ΜΕΣΟ ΤΩΝ ΕΤΩΝ 2001-2019,,,,,,,,,,,,,,,
2,,,,,,,,,,,,,,,,,,,,
3,,,,," Estimated population by sex and five year age group, as of midyear 2001 - 2019",,,,,,,,,,,,,,,
4,,,,,,,,,,,,,,,,,,,,
5,,,,,,,ΣΥΝΟΛΟ,TOTAL,,,,,,,,,,,,
6,YEARS,2001.0,2002.0,2003.0,2004,2005,2006,2007,2008.0,2009.0,2010.0,2011.0,2012.0,2013.0,2014.0,2015.0,2016.0,2017.0,2018.0,2019.0
7,ΣΥΝΟΛΟ TOTAL,10862146.0,10902005.0,10928091.0,10955163,10987352,11020393,11048499,11077863.0,11107024.0,11121383.0,11104995.0,11045039.0,10965241.0,10892369.0,10820964.0,10775989.0,10754701.0,10732894.0,10721550.0
8,0-4,519933.0,535893.0,534723.0,532910,531198,532146,534840,539870.0,548769.0,555428.0,555080.0,548347.0,533952.0,511822.0,489678.0,477724.0,472893.0,468458.0,464289.0
9,5-9,533646.0,548524.0,542862.0,540406,538578,537943,537014,535941.0,534442.0,532962.0,533897.0,535748.0,539086.0,545318.0,548894.0,548156.0,544493.0,534993.0,520015.0
10,10-14,585027.0,616733.0,605800.0,590240,577259,563405,551152,545231.0,542305.0,539478.0,538179.0,536736.0,534779.0,531835.0,528742.0,529799.0,533265.0,538399.0,547956.0
11,15-19,694210.0,684291.0,660140.0,645447,636004,628525,622612,610815.0,593974.0,579185.0,564590.0,551893.0,545128.0,540854.0,536229.0,536401.0,539839.0,543889.0,547949.0
12,20-24,828909.0,816245.0,810580.0,795267,771972,743344,710462,682776.0,664062.0,648877.0,635412.0,623119.0,605081.0,583974.0,566601.0,554785.0,549435.0,549847.0,555940.0
13,25-29,862830.0,837543.0,839735.0,843587,847888,848618,843785,833836.0,813022.0,781184.0,741447.0,694757.0,651907.0,622648.0,602410.0,589955.0,585011.0,576397.0,566850.0
14,30-34,863177.0,858647.0,852735.0,847467,844327,843846,844793,846922.0,849364.0,848990.0,841884.0,825808.0,802224.0,769887.0,729840.0,689836.0,652231.0,621313.0,603038.0
15,35-39,767934.0,792564.0,813051.0,833206,849483,859213,860339,855223.0,850156.0,845364.0,839969.0,832246.0,824010.0,817626.0,811047.0,802640.0,791631.0,776026.0,751505.0
16,40-44,747828.0,758586.0,763355.0,765200,768910,777759,793899,815071.0,835516.0,850863.0,856879.0,850430.0,836304.0,824134.0,814662.0,808452.0,804753.0,802281.0,800964.0
17,45-49,695192.0,700108.0,713356.0,728801,741162,749833,757842,763638.0,765998.0,769105.0,774843.0,784242.0,797219.0,810750.0,820991.0,825058.0,821194.0,811515.0,802900.0
18,50-54,667999.0,660562.0,660602.0,663612,672027,684073,696066,710109.0,726026.0,737949.0,743948.0,746278.0,745255.0,741608.0,739888.0,744079.0,756293.0,773283.0,789984.0
19,55-59,570431.0,598223.0,623731.0,641349,649506,651847,652751,653740.0,657191.0,665362.0,675406.0,682980.0,691531.0,702439.0,710004.0,713734.0,717304.0,719030.0,718137.0
20,60-64,612790.0,572799.0,550767.0,538044,540709,558746,585156,611071.0,629673.0,638675.0,640306.0,638307.0,635561.0,635633.0,640940.0,649006.0,656357.0,665711.0,677244.0
21,65-69,612904.0,599085.0,599374.0,596276,588124,573314,553377,534300.0,523810.0,527326.0,543471.0,565722.0,587292.0,602707.0,609512.0,610372.0,609404.0,607811.0,607955.0
22,70-74,540131.0,530605.0,537755.0,543475,547783,551913,556102,559040.0,559270.0,554192.0,540836.0,520499.0,500571.0,489352.0,491995.0,507291.0,528341.0,548280.0,562801.0
23,75-79,362512.0,382857.0,404269.0,424092,439303,449478,458966,468803.0,477086.0,484262.0,489254.0,491937.0,493585.0,493559.0,488493.0,476435.0,460071.0,444985.0,437165.0
24,80-84,205587.0,216975.0,225765.0,236690,250679,269790,288924,306600.0,324470.0,339971.0,350770.0,359087.0,367500.0,374560.0,379948.0,384770.0,389222.0,392833.0,395190.0
25,85+,191106.0,191765.0,189491.0,189094,192440,196600,200419,204877.0,211890.0,222210.0,238824.0,256903.0,274256.0,293663.0,311090.0,327496.0,342964.0,357843.0,371668.0
26,,,,,,,,,,,,,,,,,,,,
27,,,,,,,,,,,,,,,,,,,,
28,,,,,,ΑΡΡΕΝΕΣ,MALES,,,,,,,,,,,,,
29,,2001.0,2002.0,2003.0,2004,2005,2006,2007,2008.0,2009.0,2010.0,2011.0,2012.0,2013.0,2014.0,2015.0,2016.0,2017.0,2018.0,2019.0
30,ΣΥΝΟΛΟ TOTAL,5355557.0,5387918.0,5400452.0,5412286,5425959,5437830,5445100,5452027.0,5458449.0,5457186.0,5438712.0,5395103.0,5339750.0,5290797.0,5246345.0,5222749.0,5215685.0,5209176.0,5211873.0
31,0-4,266808.0,274046.0,273617.0,272845,272138,272676,274052,276436.0,280606.0,283780.0,283750.0,280629.0,273637.0,262848.0,251924.0,245836.0,243107.0,240677.0,238428.0
32,5-9,274204.0,279911.0,276960.0,275881,275068,274918,274517,273952.0,273225.0,272554.0,273106.0,274246.0,275967.0,278954.0,280726.0,280575.0,278961.0,274392.0,267065.0
33,10-14,300368.0,316519.0,310933.0,302648,295850,288252,281244,277994.0,276562.0,275146.0,274659.0,274135.0,273325.0,272076.0,270784.0,271717.0,273994.0,276889.0,281845.0
34,15-19,359728.0,358271.0,343838.0,334350,327582,322595,319606,313260.0,304079.0,296251.0,288267.0,281049.0,277410.0,275361.0,273134.0,274161.0,277489.0,281302.0,285420.0
35,20-24,431824.0,425876.0,424282.0,417466,406318,391060,371826,354921.0,342922.0,332937.0,324768.0,318347.0,308580.0,297144.0,288168.0,283089.0,281927.0,284014.0,289814.0
36,25-29,448426.0,433148.0,435353.0,438540,442155,442810,439655,434045.0,422722.0,405380.0,383217.0,356375.0,331040.0,313453.0,301221.0,294853.0,294329.0,292036.0,289983.0
37,30-34,435392.0,434738.0,433641.0,432196,431261,431651,432585,433668.0,434944.0,434664.0,430069.0,420304.0,406882.0,389336.0,368136.0,347298.0,327244.0,310514.0,301272.0
38,35-39,379419.0,395495.0,406476.0,417315,425886,431055,432407,430939.0,428935.0,426364.0,423288.0,418618.0,413129.0,409074.0,405520.0,401234.0,395642.0,388148.0,376640.0
39,40-44,367488.0,374416.0,376409.0,377383,380076,385450,393868,404590.0,415000.0,422501.0,424958.0,421191.0,413786.0,407247.0,401881.0,399053.0,397997.0,397307.0,397609.0
40,45-49,344763.0,347531.0,352911.0,359438,364443,367911,371301,373483.0,374436.0,376471.0,379661.0,383426.0,388509.0,394335.0,398609.0,400420.0,399382.0,395925.0,392647.0
41,50-54,328774.0,327556.0,327753.0,329017,332606,337570,342172,347787.0,354428.0,359073.0,360620.0,359908.0,357259.0,354024.0,352781.0,355581.0,362457.0,371442.0,380349.0
42,55-59,278981.0,295238.0,307047.0,314900,318429,319321,319611,319987.0,321317.0,324723.0,328497.0,330293.0,332347.0,335645.0,337270.0,337547.0,338424.0,338522.0,337963.0
43,60-64,290770.0,274762.0,265507.0,260635,262702,271496,283624,295146.0,303211.0,307012.0,307647.0,306616.0,305045.0,304516.0,306302.0,309081.0,311084.0,314113.0,318362.0
44,65-69,288274.0,281353.0,280751.0,278603,274623,268329,260147,252412.0,248669.0,251023.0,258486.0,268128.0,277204.0,283604.0,286403.0,286881.0,286715.0,286134.0,285830.0
45,70-74,247643.0,245281.0,248670.0,250862,251561,252070,253119,253884.0,253616.0,251501.0,246143.0,237910.0,229975.0,225965.0,227894.0,234878.0,243791.0,251990.0,258054.0
46,75-79,155119.0,165220.0,175025.0,184597,192603,198379,203321,207829.0,211101.0,213332.0,214584.0,215088.0,215327.0,215061.0,213022.0,208504.0,202492.0,197222.0,195094.0
47,80-84,82954.0,87767.0,91819.0,96478,102084,109802,117812,125490.0,133707.0,141353.0,147225.0,151689.0,155597.0,158404.0,159841.0,160986.0,162354.0,163350.0,164000.0
48,85+,74622.0,70790.0,69460.0,69132,70574,72485,74233,76204.0,78969.0,83121.0,89767.0,97151.0,104731.0,113750.0,122729.0,131055.0,138296.0,145199.0,151498.0
49,,,,,,,,,,,,,,,,,,,,
50,,,,,,,,,,,,,,,,,,,,
51,,,,,,ΘΗΛΕΙΣ,FEMALES,,,,,,,,,,,,,
52,,,,,,,,,,,,,,,,,,,,
53,ΣΥΝΟΛΟ TOTAL,5506589.0,5514087.0,5527639.0,5542877,5561393,5582563,5603399,5625836.0,5648575.0,5664197.0,5666283.0,5649936.0,5625491.0,5601572.0,5574619.0,5553240.0,5539016.0,5523718.0,5509677.0
54,0-4,253125.0,261847.0,261106.0,260065,259060,259470,260788,263434.0,268163.0,271648.0,271330.0,267718.0,260315.0,248974.0,237754.0,231888.0,229786.0,227781.0,225861.0
55,5-9,259442.0,268613.0,265902.0,264525,263510,263025,262497,261989.0,261217.0,260408.0,260791.0,261502.0,263119.0,266364.0,268168.0,267581.0,265532.0,260601.0,252950.0
56,10-14,284659.0,300214.0,294867.0,287592,281409,275153,269908,267237.0,265743.0,264332.0,263520.0,262601.0,261454.0,259759.0,257958.0,258082.0,259271.0,261510.0,266111.0
57,15-19,334482.0,326020.0,316302.0,311097,308422,305930,303006,297555.0,289895.0,282934.0,276323.0,270844.0,267718.0,265493.0,263095.0,262240.0,262350.0,262587.0,262529.0
58,20-24,397085.0,390369.0,386298.0,377801,365654,352284,338636,327855.0,321140.0,315940.0,310644.0,304772.0,296501.0,286830.0,278433.0,271696.0,267508.0,265833.0,266126.0
59,25-29,414404.0,404395.0,404382.0,405047,405733,405808,404130,399791.0,390300.0,375804.0,358230.0,338382.0,320867.0,309195.0,301189.0,295102.0,290682.0,284361.0,276867.0
60,30-34,427785.0,423909.0,419094.0,415271,413066,412195,412208,413254.0,414420.0,414326.0,411815.0,405504.0,395342.0,380551.0,361704.0,342538.0,324987.0,310799.0,301766.0
61,35-39,388515.0,397069.0,406575.0,415891,423597,428158,427932,424284.0,421221.0,419000.0,416681.0,413628.0,410881.0,408552.0,405527.0,401406.0,395989.0,387878.0,374865.0
62,40-44,380340.0,384170.0,386946.0,387817,388834,392309,400031,410481.0,420516.0,428362.0,431921.0,429239.0,422518.0,416887.0,412781.0,409399.0,406756.0,404974.0,403355.0
63,45-49,350429.0,352577.0,360445.0,369363,376719,381922,386541,390155.0,391562.0,392634.0,395182.0,400816.0,408710.0,416415.0,422382.0,424638.0,421812.0,415590.0,410253.0
64,50-54,339225.0,333006.0,332849.0,334595,339421,346503,353894,362322.0,371598.0,378876.0,383328.0,386370.0,387996.0,387584.0,387107.0,388498.0,393836.0,401841.0,409635.0
65,55-59,291450.0,302985.0,316684.0,326449,331077,332526,333140,333753.0,335874.0,340639.0,346909.0,352687.0,359184.0,366794.0,372734.0,376187.0,378880.0,380508.0,380174.0
66,60-64,322020.0,298037.0,285260.0,277409,278007,287250,301532,315925.0,326462.0,331663.0,332659.0,331691.0,330516.0,331117.0,334638.0,339925.0,345273.0,351598.0,358882.0
67,65-69,324630.0,317732.0,318623.0,317673,313501,304985,293230,281888.0,275141.0,276303.0,284985.0,297594.0,310088.0,319103.0,323109.0,323491.0,322689.0,321677.0,322125.0
68,70-74,292488.0,285324.0,289085.0,292613,296222,299843,302983,305156.0,305654.0,302691.0,294693.0,282589.0,270596.0,263387.0,264101.0,272413.0,284550.0,296290.0,304747.0
69,75-79,207393.0,217637.0,229244.0,239495,246700,251099,255645,260974.0,265985.0,270930.0,274670.0,276849.0,278258.0,278498.0,275471.0,267931.0,257579.0,247763.0,242071.0
70,80-84,122633.0,129208.0,133946.0,140212,148595,159988,171112,181110.0,190763.0,198618.0,203545.0,207398.0,211903.0,216156.0,220107.0,223784.0,226868.0,229483.0,231190.0
71,85+,116484.0,120975.0,120031.0,119962,121866,124115,126186,128673.0,132921.0,139089.0,149057.0,159752.0,169525.0,179913.0,188361.0,196441.0,204668.0,212644.0,220170.0
